   1 243   1   0  0.1311304E+02  0.4000000E+04
  CAR 
 (Si O2)81  (P1) ~ 3x3x3Supersel (VASP)  
   0   0   0
   1   1
 256 256 256
 256
  0.1000000E-09
  0.6250000E-11
   1
  0.5000000E-15  0.1499160E-08  0.1499160E-08  0.1637130E-08
  0.3999075E+04  0.4004666E+04
  0.000
  0.000
  0.000
  0.000
  0.000
  0.000
  0.000
  0.000
  0.000
  0.000
  0.000
  0.000
  0.000
  0.000
  0.000
  0.000
  0.000
  0.000
  0.000
  0.000
  0.000
  0.009
  0.150
  0.850
  2.166
  3.355
  3.415
  2.615
  1.610
  0.904
  0.471
  0.230
  0.126
  0.098
  0.108
  0.182
  0.307
  0.431
  0.613
  0.744
  0.885
  1.007
  1.090
  1.097
  1.080
  1.040
  0.965
  0.919
  0.887
  0.867
  0.847
  0.808
  0.774
  0.746
  0.738
  0.766
  0.815
  0.876
  0.933
  1.007
  1.079
  1.156
  1.195
  1.245
  1.276
  1.306
  1.309
  1.291
  1.268
  1.250
  1.198
  1.177
  1.132
  1.100
  1.086
  1.075
  1.068
  1.057
  1.058
  1.053
  1.041
  1.033
  1.019
  0.984
  0.964
  0.947
  0.916
  0.907
  0.893
  0.879
  0.873
  0.869
  0.878
  0.878
  0.893
  0.899
  0.919
  0.924
  0.933
  0.939
  0.937
  0.935
  0.951
  0.945
  0.952
  0.952
  0.951
  0.949
  0.953
  0.962
  0.978
  0.981
  0.993
  1.007
  1.021
  1.043
  1.064
  1.089
  1.108
  1.128
  1.134
  1.144
  1.143
  1.123
  1.117
  1.104
  1.090
  1.072
  1.055
  1.036
  1.032
  1.027
  1.015
  1.005
  0.995
  0.993
  0.990
  0.984
  0.982
  0.980
  0.956
  0.945
  0.931
  0.924
  0.918
  0.902
  0.897
  0.893
  0.893
  0.899
  0.897
  0.914
  0.929
  0.947
  0.967
  0.974
  0.995
  1.012
  1.016
  1.028
  1.037
  1.037
  1.036
  1.025
  1.024
  1.020
  1.010
  1.013
  1.005
  1.009
  1.015
  1.014
  1.017
  1.026
  1.037
  1.049
  1.064
  1.065
  1.071
  1.085
  1.093
  1.096
  1.096
  1.088
  1.078
  1.073
  1.056
  1.042
  1.020
  0.994
  0.975
  0.963
  0.939
  0.930
  0.920
  0.903
  0.903
  0.902
  0.906
  0.908
  0.915
  0.925
  0.934
  0.937
  0.953
  0.963
  0.978
  0.986
  0.990
  0.994
  0.998
  0.998
  0.994
  0.990
  0.989
  0.992
  0.993
  0.995
  0.994
  0.996
  1.003
  1.011
  1.019
  1.029
  1.039
  1.046
  1.052
  1.057
  1.058
  1.061
  1.061
  1.059
  1.052
  1.041
  1.040
  1.032
  1.021
  1.011
  1.002
  0.995
  0.986
  0.980
  0.972
  0.977
  0.979
  0.976
  0.970
  0.971
  0.976
  0.976
  0.977
  0.967
  0.963
  0.956
  0.950
  0.941
