   1 243   1   0  0.1311304E+02  0.4000000E+04
  CAR 
 (Si O2)81  (P1) ~ 3x3x3Supersel (VASP)  
   0   0   0
   1   1
 256 256 256
 256
  0.1000000E-09
  0.6250000E-11
   1
  0.5000000E-15  0.1499160E-08  0.1499160E-08  0.1637130E-08
  0.4000223E+04  0.4007139E+04
  0.000
  0.000
  0.000
  0.000
  0.000
  0.000
  0.000
  0.000
  0.000
  0.000
  0.000
  0.000
  0.000
  0.000
  0.000
  0.000
  0.000
  0.000
  0.000
  0.000
  0.000
  0.011
  0.162
  0.857
  2.197
  3.359
  3.335
  2.584
  1.624
  0.914
  0.463
  0.247
  0.141
  0.097
  0.113
  0.166
  0.274
  0.405
  0.577
  0.756
  0.942
  1.018
  1.091
  1.119
  1.076
  1.002
  0.965
  0.912
  0.886
  0.866
  0.830
  0.795
  0.782
  0.759
  0.780
  0.778
  0.831
  0.871
  0.946
  1.014
  1.091
  1.144
  1.221
  1.253
  1.283
  1.310
  1.306
  1.295
  1.253
  1.219
  1.166
  1.129
  1.119
  1.085
  1.069
  1.051
  1.055
  1.070
  1.065
  1.065
  1.052
  1.034
  1.019
  0.996
  0.975
  0.956
  0.934
  0.922
  0.899
  0.896
  0.883
  0.865
  0.872
  0.873
  0.873
  0.890
  0.901
  0.916
  0.920
  0.936
  0.941
  0.961
  0.956
  0.957
  0.949
  0.948
  0.948
  0.955
  0.957
  0.954
  0.958
  0.977
  0.984
  1.009
  1.045
  1.064
  1.080
  1.092
  1.115
  1.124
  1.139
  1.129
  1.125
  1.127
  1.107
  1.092
  1.084
  1.069
  1.064
  1.051
  1.031
  1.014
  1.011
  1.007
  0.997
  0.996
  0.989
  0.989
  0.979
  0.968
  0.954
  0.939
  0.934
  0.923
  0.913
  0.910
  0.904
  0.902
  0.894
  0.906
  0.914
  0.917
  0.932
  0.944
  0.963
  0.978
  0.988
  1.006
  1.012
  1.019
  1.027
  1.033
  1.031
  1.026
  1.022
  1.024
  1.018
  1.012
  1.010
  1.006
  1.008
  1.013
  1.029
  1.040
  1.048
  1.053
  1.058
  1.073
  1.084
  1.087
  1.088
  1.090
  1.081
  1.076
  1.073
  1.056
  1.041
  1.030
  1.014
  1.006
  0.987
  0.966
  0.952
  0.931
  0.916
  0.913
  0.910
  0.907
  0.908
  0.913
  0.919
  0.926
  0.937
  0.945
  0.957
  0.970
  0.977
  0.979
  0.984
  0.987
  0.985
  0.988
  0.989
  0.990
  0.995
  0.990
  0.991
  0.993
  0.999
  0.998
  1.006
  1.013
  1.019
  1.025
  1.036
  1.043
  1.052
  1.056
  1.062
  1.069
  1.064
  1.062
  1.055
  1.053
  1.039
  1.028
  1.019
  1.009
  1.004
  0.995
  0.988
  0.984
  0.977
  0.975
  0.971
  0.970
  0.973
  0.976
  0.971
  0.970
  0.972
  0.964
  0.956
  0.956
  0.946
  0.939
