   1 243   1   0  0.1311304E+02  0.4000000E+04
  CAR 
 (Si O2)81  (P1) ~ 3x3x3Supersel (VASP)  
   0   0   0
   1   1
 256 256 256
 256
  0.1000000E-09
  0.6250000E-11
   1
  0.5000000E-15  0.1499160E-08  0.1499160E-08  0.1637130E-08
  0.4000134E+04  0.4006541E+04
  0.000
  0.000
  0.000
  0.000
  0.000
  0.000
  0.000
  0.000
  0.000
  0.000
  0.000
  0.000
  0.000
  0.000
  0.000
  0.000
  0.000
  0.000
  0.000
  0.000
  0.000
  0.009
  0.163
  0.891
  2.233
  3.367
  3.367
  2.514
  1.630
  0.914
  0.463
  0.243
  0.131
  0.098
  0.114
  0.188
  0.292
  0.426
  0.574
  0.751
  0.910
  1.012
  1.071
  1.082
  1.042
  1.013
  0.977
  0.908
  0.889
  0.867
  0.830
  0.800
  0.749
  0.757
  0.757
  0.794
  0.818
  0.872
  0.947
  1.014
  1.084
  1.161
  1.205
  1.247
  1.285
  1.316
  1.306
  1.302
  1.278
  1.241
  1.202
  1.160
  1.128
  1.085
  1.079
  1.081
  1.087
  1.083
  1.059
  1.052
  1.032
  1.026
  1.004
  0.985
  0.957
  0.950
  0.934
  0.904
  0.884
  0.872
  0.873
  0.869
  0.883
  0.885
  0.893
  0.894
  0.901
  0.915
  0.935
  0.948
  0.944
  0.940
  0.955
  0.950
  0.944
  0.947
  0.950
  0.936
  0.937
  0.944
  0.950
  0.965
  0.980
  1.009
  1.032
  1.056
  1.074
  1.106
  1.134
  1.135
  1.150
  1.154
  1.148
  1.127
  1.117
  1.098
  1.085
  1.066
  1.053
  1.047
  1.030
  1.020
  1.012
  1.008
  1.007
  1.001
  0.991
  0.984
  0.985
  0.972
  0.962
  0.945
  0.938
  0.922
  0.910
  0.899
  0.892
  0.881
  0.878
  0.886
  0.894
  0.898
  0.911
  0.936
  0.958
  0.981
  0.994
  1.012
  1.028
  1.039
  1.037
  1.037
  1.052
  1.043
  1.040
  1.033
  1.018
  1.004
  1.005
  1.003
  1.008
  1.021
  1.019
  1.028
  1.037
  1.042
  1.057
  1.071
  1.084
  1.094
  1.094
  1.095
  1.099
  1.096
  1.079
  1.064
  1.047
  1.032
  1.015
  1.003
  0.980
  0.963
  0.943
  0.931
  0.918
  0.907
  0.897
  0.894
  0.893
  0.900
  0.906
  0.919
  0.934
  0.945
  0.956
  0.971
  0.981
  0.988
  0.989
  0.992
  0.995
  0.994
  0.991
  0.996
  0.993
  0.992
  0.988
  0.988
  0.989
  0.990
  0.999
  1.007
  1.020
  1.031
  1.034
  1.052
  1.057
  1.064
  1.070
  1.071
  1.076
  1.070
  1.064
  1.053
  1.046
  1.035
  1.023
  1.009
  0.995
  0.991
  0.977
  0.971
  0.965
  0.969
  0.968
  0.970
  0.970
  0.976
  0.978
  0.974
  0.974
  0.973
  0.969
  0.962
  0.949
  0.940
