   1 243   1   0  0.1311304E+02  0.4000000E+04
  CAR 
 (Si O2)81  (P1) ~ 3x3x3Supersel (VASP)  
   0   0   0
   1   1
 256 256 256
 256
  0.1000000E-09
  0.6250000E-11
   1
  0.5000000E-15  0.1499160E-08  0.1499160E-08  0.1637130E-08
  0.4000265E+04  0.4006503E+04
  0.000
  0.000
  0.000
  0.000
  0.000
  0.000
  0.000
  0.000
  0.000
  0.000
  0.000
  0.000
  0.000
  0.000
  0.000
  0.000
  0.000
  0.000
  0.000
  0.000
  0.000
  0.016
  0.188
  0.914
  2.211
  3.331
  3.360
  2.500
  1.621
  0.886
  0.480
  0.251
  0.133
  0.098
  0.110
  0.188
  0.294
  0.423
  0.610
  0.769
  0.920
  1.021
  1.074
  1.057
  1.031
  0.993
  0.959
  0.923
  0.919
  0.870
  0.836
  0.802
  0.771
  0.766
  0.766
  0.791
  0.830
  0.883
  0.976
  1.021
  1.067
  1.138
  1.199
  1.233
  1.274
  1.276
  1.303
  1.282
  1.267
  1.248
  1.200
  1.157
  1.132
  1.105
  1.093
  1.084
  1.076
  1.061
  1.065
  1.042
  1.041
  1.027
  1.001
  0.992
  0.966
  0.949
  0.924
  0.902
  0.891
  0.870
  0.862
  0.860
  0.868
  0.888
  0.903
  0.911
  0.923
  0.934
  0.940
  0.950
  0.942
  0.945
  0.934
  0.941
  0.944
  0.940
  0.950
  0.954
  0.957
  0.968
  0.968
  0.970
  0.985
  1.003
  1.031
  1.061
  1.086
  1.107
  1.116
  1.130
  1.134
  1.131
  1.127
  1.114
  1.110
  1.093
  1.080
  1.056
  1.048
  1.039
  1.027
  1.017
  1.017
  1.014
  1.003
  0.996
  0.994
  0.986
  0.985
  0.975
  0.966
  0.959
  0.947
  0.929
  0.916
  0.903
  0.893
  0.889
  0.888
  0.889
  0.897
  0.911
  0.925
  0.941
  0.957
  0.972
  0.992
  1.005
  1.021
  1.033
  1.036
  1.043
  1.046
  1.032
  1.027
  1.027
  1.033
  1.021
  1.016
  1.007
  0.999
  1.007
  1.019
  1.024
  1.038
  1.050
  1.058
  1.067
  1.080
  1.085
  1.090
  1.095
  1.087
  1.080
  1.070
  1.060
  1.048
  1.033
  1.017
  0.999
  0.977
  0.958
  0.939
  0.928
  0.916
  0.909
  0.903
  0.902
  0.903
  0.905
  0.922
  0.933
  0.940
  0.947
  0.958
  0.975
  0.977
  0.982
  0.986
  0.993
  0.996
  1.000
  0.994
  0.992
  0.991
  0.995
  0.996
  0.990
  0.994
  0.998
  1.006
  1.011
  1.014
  1.021
  1.033
  1.043
  1.049
  1.054
  1.062
  1.066
  1.070
  1.065
  1.055
  1.050
  1.040
  1.031
  1.019
  1.011
  1.005
  0.989
  0.982
  0.983
  0.975
  0.970
  0.968
  0.973
  0.972
  0.975
  0.973
  0.972
  0.972
  0.965
  0.962
  0.957
  0.948
  0.944
