   1 243   1   0  0.1311304E+02  0.4000000E+04
  CAR 
 (Si O2)81  (P1) ~ 3x3x3Supersel (VASP)  
   0   0   0
   1   1
 256 256 256
 256
  0.1000000E-09
  0.6250000E-11
   1
  0.5000000E-15  0.1499160E-08  0.1499160E-08  0.1637130E-08
  0.4002194E+04  0.4006478E+04
  0.000
  0.000
  0.000
  0.000
  0.000
  0.000
  0.000
  0.000
  0.000
  0.000
  0.000
  0.000
  0.000
  0.000
  0.000
  0.000
  0.000
  0.000
  0.000
  0.000
  0.000
  0.012
  0.186
  0.940
  2.296
  3.268
  3.286
  2.484
  1.621
  0.922
  0.488
  0.256
  0.136
  0.102
  0.126
  0.178
  0.270
  0.417
  0.575
  0.754
  0.917
  1.025
  1.081
  1.059
  1.043
  1.015
  0.983
  0.919
  0.904
  0.881
  0.836
  0.789
  0.771
  0.732
  0.748
  0.774
  0.839
  0.905
  0.968
  1.027
  1.084
  1.147
  1.220
  1.269
  1.306
  1.303
  1.316
  1.299
  1.263
  1.222
  1.191
  1.151
  1.125
  1.090
  1.066
  1.043
  1.048
  1.052
  1.051
  1.052
  1.051
  1.030
  1.013
  0.985
  0.976
  0.946
  0.926
  0.902
  0.885
  0.878
  0.879
  0.877
  0.877
  0.890
  0.893
  0.906
  0.925
  0.921
  0.928
  0.934
  0.946
  0.950
  0.955
  0.946
  0.948
  0.940
  0.931
  0.935
  0.936
  0.944
  0.952
  0.967
  0.990
  1.013
  1.028
  1.054
  1.085
  1.109
  1.122
  1.142
  1.152
  1.150
  1.144
  1.135
  1.115
  1.098
  1.090
  1.067
  1.050
  1.037
  1.026
  1.015
  1.018
  1.010
  0.999
  0.999
  1.001
  0.987
  0.977
  0.969
  0.963
  0.952
  0.936
  0.926
  0.918
  0.903
  0.891
  0.892
  0.882
  0.883
  0.888
  0.897
  0.913
  0.934
  0.953
  0.973
  1.001
  1.014
  1.025
  1.034
  1.048
  1.046
  1.043
  1.031
  1.032
  1.031
  1.021
  1.015
  1.010
  1.006
  0.998
  1.002
  1.010
  1.022
  1.037
  1.048
  1.061
  1.072
  1.088
  1.099
  1.095
  1.096
  1.104
  1.092
  1.079
  1.062
  1.060
  1.038
  1.018
  1.000
  0.982
  0.957
  0.943
  0.928
  0.916
  0.903
  0.898
  0.899
  0.901
  0.904
  0.910
  0.919
  0.928
  0.940
  0.953
  0.967
  0.972
  0.981
  0.990
  0.994
  0.997
  0.996
  0.998
  0.996
  0.992
  0.996
  0.995
  0.993
  0.992
  0.993
  0.995
  1.008
  1.017
  1.030
  1.035
  1.046
  1.055
  1.065
  1.069
  1.072
  1.071
  1.066
  1.063
  1.055
  1.043
  1.031
  1.019
  1.012
  0.995
  0.985
  0.975
  0.974
  0.970
  0.975
  0.972
  0.974
  0.972
  0.977
  0.977
  0.975
  0.975
  0.968
  0.964
  0.959
  0.954
  0.942
