   1 243   1   0  0.1311304E+02  0.4000000E+04
  CAR 
 (Si O2)81  (P1) ~ 3x3x3Supersel (VASP)  
   0   0   0
   1   1
 256 256 256
 256
  0.1000000E-09
  0.6250000E-11
   1
  0.5000000E-15  0.1499160E-08  0.1499160E-08  0.1637130E-08
  0.3999554E+04  0.4004592E+04
  0.000
  0.000
  0.000
  0.000
  0.000
  0.000
  0.000
  0.000
  0.000
  0.000
  0.000
  0.000
  0.000
  0.000
  0.000
  0.000
  0.000
  0.000
  0.000
  0.000
  0.000
  0.012
  0.175
  0.906
  2.205
  3.337
  3.323
  2.528
  1.609
  0.924
  0.510
  0.239
  0.120
  0.095
  0.125
  0.188
  0.277
  0.395
  0.564
  0.731
  0.899
  1.025
  1.074
  1.099
  1.079
  1.022
  0.963
  0.910
  0.887
  0.869
  0.869
  0.826
  0.783
  0.761
  0.766
  0.787
  0.824
  0.879
  0.941
  1.014
  1.062
  1.134
  1.173
  1.263
  1.293
  1.336
  1.315
  1.294
  1.281
  1.217
  1.179
  1.159
  1.125
  1.088
  1.081
  1.065
  1.054
  1.046
  1.036
  1.041
  1.049
  1.030
  1.014
  1.003
  0.967
  0.942
  0.921
  0.918
  0.901
  0.893
  0.887
  0.871
  0.882
  0.894
  0.892
  0.900
  0.905
  0.917
  0.936
  0.940
  0.933
  0.939
  0.944
  0.947
  0.945
  0.938
  0.946
  0.945
  0.948
  0.960
  0.968
  0.984
  0.999
  1.020
  1.027
  1.055
  1.083
  1.092
  1.117
  1.120
  1.125
  1.131
  1.135
  1.118
  1.100
  1.092
  1.076
  1.079
  1.062
  1.048
  1.032
  1.025
  1.024
  1.017
  1.013
  1.004
  0.996
  0.981
  0.983
  0.974
  0.956
  0.942
  0.940
  0.928
  0.915
  0.903
  0.887
  0.885
  0.887
  0.893
  0.891
  0.906
  0.928
  0.946
  0.961
  0.978
  0.995
  1.012
  1.030
  1.032
  1.037
  1.035
  1.024
  1.028
  1.024
  1.023
  1.022
  1.011
  1.006
  1.002
  1.007
  1.007
  1.016
  1.027
  1.038
  1.054
  1.061
  1.076
  1.090
  1.101
  1.107
  1.103
  1.095
  1.092
  1.084
  1.063
  1.048
  1.027
  1.007
  0.991
  0.977
  0.962
  0.941
  0.924
  0.915
  0.905
  0.900
  0.896
  0.898
  0.911
  0.913
  0.927
  0.939
  0.948
  0.963
  0.967
  0.975
  0.979
  0.984
  0.990
  0.999
  1.001
  0.994
  0.995
  0.993
  0.990
  0.989
  0.990
  0.991
  0.993
  1.002
  1.009
  1.019
  1.028
  1.038
  1.051
  1.056
  1.057
  1.068
  1.065
  1.068
  1.062
  1.060
  1.049
  1.041
  1.028
  1.016
  1.008
  1.000
  0.989
  0.985
  0.980
  0.974
  0.971
  0.970
  0.974
  0.976
  0.977
  0.975
  0.972
  0.975
  0.969
  0.965
  0.960
  0.949
  0.942
