   1 243   1   0  0.1311304E+02  0.4000000E+04
  CAR 
 (Si O2)81  (P1) ~ 3x3x3Supersel (VASP)  
   0   0   0
   1   1
 256 256 256
 256
  0.1000000E-09
  0.6250000E-11
   1
  0.5000000E-15  0.1499160E-08  0.1499160E-08  0.1637130E-08
  0.4001398E+04  0.4005094E+04
  0.000
  0.000
  0.000
  0.000
  0.000
  0.000
  0.000
  0.000
  0.000
  0.000
  0.000
  0.000
  0.000
  0.000
  0.000
  0.000
  0.000
  0.000
  0.000
  0.000
  0.000
  0.012
  0.141
  0.864
  2.207
  3.334
  3.389
  2.568
  1.633
  0.906
  0.462
  0.232
  0.126
  0.106
  0.122
  0.178
  0.291
  0.457
  0.588
  0.743
  0.896
  1.027
  1.088
  1.071
  1.018
  1.003
  0.967
  0.924
  0.899
  0.889
  0.844
  0.795
  0.766
  0.745
  0.761
  0.783
  0.826
  0.877
  0.955
  1.035
  1.078
  1.152
  1.210
  1.264
  1.283
  1.308
  1.302
  1.276
  1.269
  1.236
  1.181
  1.154
  1.123
  1.098
  1.072
  1.071
  1.057
  1.056
  1.042
  1.042
  1.042
  1.035
  1.022
  0.995
  0.973
  0.948
  0.932
  0.902
  0.886
  0.882
  0.880
  0.878
  0.876
  0.878
  0.886
  0.901
  0.918
  0.924
  0.929
  0.937
  0.945
  0.950
  0.953
  0.954
  0.960
  0.958
  0.945
  0.942
  0.945
  0.953
  0.965
  0.985
  1.002
  1.018
  1.030
  1.062
  1.077
  1.100
  1.110
  1.113
  1.127
  1.124
  1.120
  1.109
  1.088
  1.087
  1.078
  1.075
  1.060
  1.051
  1.035
  1.024
  1.010
  1.006
  1.009
  0.998
  0.998
  0.988
  0.985
  0.972
  0.965
  0.958
  0.939
  0.934
  0.919
  0.912
  0.897
  0.894
  0.886
  0.894
  0.898
  0.914
  0.931
  0.946
  0.957
  0.975
  0.992
  1.006
  1.014
  1.028
  1.038
  1.033
  1.031
  1.029
  1.029
  1.027
  1.015
  1.012
  1.010
  1.003
  1.003
  1.008
  1.017
  1.033
  1.038
  1.051
  1.063
  1.080
  1.087
  1.094
  1.098
  1.096
  1.089
  1.084
  1.073
  1.063
  1.044
  1.029
  1.011
  0.990
  0.976
  0.956
  0.938
  0.926
  0.916
  0.914
  0.909
  0.914
  0.916
  0.916
  0.919
  0.925
  0.938
  0.944
  0.953
  0.962
  0.971
  0.982
  0.984
  0.985
  0.987
  0.995
  0.998
  1.003
  0.993
  0.993
  0.994
  0.997
  0.998
  1.001
  1.005
  1.015
  1.026
  1.031
  1.039
  1.041
  1.043
  1.050
  1.057
  1.060
  1.059
  1.061
  1.057
  1.052
  1.039
  1.028
  1.019
  1.008
  0.998
  0.993
  0.986
  0.977
  0.975
  0.977
  0.974
  0.975
  0.975
  0.975
  0.972
  0.972
  0.971
  0.966
  0.961
  0.958
  0.952
  0.945
