   1 243   1   0  0.1311304E+02  0.4000000E+04
  CAR 
 (Si O2)81  (P1) ~ 3x3x3Supersel (VASP)  
   0   0   0
   1   1
 256 256 256
 256
  0.1000000E-09
  0.6250000E-11
   1
  0.5000000E-15  0.1499160E-08  0.1499160E-08  0.1637130E-08
  0.3999041E+04  0.4003783E+04
  0.000
  0.000
  0.000
  0.000
  0.000
  0.000
  0.000
  0.000
  0.000
  0.000
  0.000
  0.000
  0.000
  0.000
  0.000
  0.000
  0.000
  0.000
  0.000
  0.000
  0.000
  0.010
  0.170
  0.833
  2.177
  3.341
  3.418
  2.550
  1.615
  0.939
  0.476
  0.257
  0.122
  0.085
  0.114
  0.178
  0.292
  0.440
  0.603
  0.761
  0.887
  0.983
  1.066
  1.092
  1.060
  1.010
  0.975
  0.942
  0.886
  0.860
  0.840
  0.803
  0.759
  0.759
  0.773
  0.795
  0.827
  0.895
  0.958
  1.024
  1.074
  1.153
  1.197
  1.240
  1.271
  1.304
  1.311
  1.286
  1.262
  1.241
  1.193
  1.163
  1.126
  1.098
  1.075
  1.077
  1.058
  1.049
  1.048
  1.041
  1.026
  1.022
  1.010
  1.002
  0.975
  0.951
  0.926
  0.921
  0.896
  0.881
  0.875
  0.880
  0.878
  0.887
  0.902
  0.904
  0.911
  0.926
  0.918
  0.930
  0.934
  0.944
  0.950
  0.950
  0.947
  0.943
  0.950
  0.961
  0.962
  0.967
  0.974
  0.985
  0.996
  1.007
  1.021
  1.052
  1.077
  1.090
  1.108
  1.119
  1.123
  1.134
  1.121
  1.109
  1.102
  1.092
  1.080
  1.066
  1.060
  1.051
  1.033
  1.029
  1.034
  1.019
  1.005
  1.004
  0.992
  0.982
  0.981
  0.968
  0.957
  0.945
  0.932
  0.928
  0.918
  0.909
  0.904
  0.892
  0.892
  0.893
  0.894
  0.907
  0.924
  0.936
  0.951
  0.974
  0.999
  1.009
  1.028
  1.027
  1.026
  1.033
  1.035
  1.041
  1.034
  1.031
  1.019
  1.020
  1.015
  1.010
  1.005
  1.011
  1.020
  1.029
  1.039
  1.050
  1.059
  1.076
  1.077
  1.080
  1.087
  1.092
  1.090
  1.082
  1.072
  1.063
  1.049
  1.028
  1.013
  1.001
  0.983
  0.958
  0.939
  0.931
  0.914
  0.915
  0.908
  0.906
  0.907
  0.909
  0.921
  0.932
  0.945
  0.951
  0.958
  0.962
  0.969
  0.980
  0.983
  0.982
  0.991
  0.990
  0.989
  0.991
  0.997
  0.996
  0.995
  0.996
  0.995
  0.998
  1.005
  1.011
  1.018
  1.030
  1.038
  1.044
  1.046
  1.058
  1.059
  1.063
  1.061
  1.060
  1.055
  1.050
  1.046
  1.033
  1.025
  1.014
  1.006
  0.990
  0.982
  0.977
  0.977
  0.972
  0.971
  0.969
  0.970
  0.970
  0.974
  0.972
  0.969
  0.963
  0.962
  0.958
  0.955
  0.945
