   1 243   1   0  0.1311304E+02  0.4000000E+04
  CAR 
 (Si O2)81  (P1) ~ 3x3x3Supersel (VASP)  
   0   0   0
   1   1
 256 256 256
 256
  0.1000000E-09
  0.6250000E-11
   1
  0.5000000E-15  0.1499160E-08  0.1499160E-08  0.1637130E-08
  0.4001544E+04  0.4014037E+04
  0.000
  0.000
  0.000
  0.000
  0.000
  0.000
  0.000
  0.000
  0.000
  0.000
  0.000
  0.000
  0.000
  0.000
  0.000
  0.000
  0.000
  0.000
  0.000
  0.000
  0.001
  0.011
  0.129
  0.732
  2.092
  3.407
  3.455
  2.659
  1.648
  0.908
  0.443
  0.229
  0.118
  0.087
  0.120
  0.182
  0.282
  0.425
  0.587
  0.744
  0.906
  1.055
  1.098
  1.069
  1.052
  1.021
  0.956
  0.920
  0.904
  0.884
  0.861
  0.818
  0.766
  0.739
  0.745
  0.771
  0.826
  0.865
  0.940
  1.012
  1.060
  1.146
  1.222
  1.276
  1.321
  1.339
  1.321
  1.302
  1.269
  1.211
  1.190
  1.142
  1.104
  1.070
  1.059
  1.058
  1.049
  1.043
  1.053
  1.060
  1.038
  1.030
  0.992
  0.978
  0.956
  0.940
  0.931
  0.924
  0.902
  0.900
  0.904
  0.889
  0.885
  0.891
  0.900
  0.899
  0.909
  0.920
  0.940
  0.945
  0.941
  0.944
  0.950
  0.959
  0.941
  0.936
  0.943
  0.934
  0.945
  0.962
  0.968
  0.973
  0.984
  1.013
  1.025
  1.038
  1.066
  1.096
  1.132
  1.141
  1.156
  1.132
  1.115
  1.124
  1.127
  1.096
  1.081
  1.072
  1.049
  1.042
  1.036
  1.025
  1.021
  1.007
  0.995
  0.993
  0.981
  0.984
  0.984
  0.971
  0.960
  0.947
  0.934
  0.916
  0.913
  0.908
  0.911
  0.900
  0.893
  0.895
  0.898
  0.905
  0.919
  0.943
  0.961
  0.976
  0.996
  1.012
  1.027
  1.038
  1.038
  1.035
  1.034
  1.039
  1.024
  1.011
  1.006
  1.004
  1.008
  1.011
  1.010
  1.007
  1.015
  1.024
  1.038
  1.056
  1.061
  1.075
  1.083
  1.098
  1.096
  1.094
  1.096
  1.083
  1.073
  1.061
  1.042
  1.021
  1.009
  0.992
  0.983
  0.972
  0.968
  0.942
  0.927
  0.912
  0.896
  0.895
  0.903
  0.908
  0.914
  0.922
  0.935
  0.944
  0.953
  0.960
  0.965
  0.972
  0.992
  0.991
  0.998
  1.008
  1.000
  0.992
  0.985
  0.995
  0.996
  0.998
  0.998
  0.994
  0.999
  1.012
  1.021
  1.033
  1.035
  1.037
  1.053
  1.050
  1.074
  1.068
  1.057
  1.060
  1.054
  1.050
  1.040
  1.033
  1.024
  1.003
  1.000
  0.990
  0.980
  0.972
  0.971
  0.974
  0.972
  0.971
  0.973
  0.982
  0.979
  0.974
  0.972
  0.971
  0.966
  0.955
  0.951
  0.952
